%%Perception study%%
Auto_space=[1, 0.03, 0.03; 0.03 , 1 , 0.36 ; 0.04 , 0.36 ,1];

TPICA_M(:,:,1)=[0.96, 0.03, 0.03 ; 0.03, 0.88, 0.42; 0.02, 0.12, 0.80];
TPICA_M(:,:,2)=[0.7574    0.0448    0.030; 0.0491    0.8016         0.05;  0.043    0.2522    0.5028];
TPICA_M(:,:,3)=[    0.1971         0.12    0.09; 0.0590    0.0053    0.0166;   0.0384         0.612    0.7198];

CPD_M(:,:,1)=[    0.9616    0.0718    0.0239;    0.053    0.9734    0.4546;    0.0229    0.3957    0.9799];
CPD_M(:,:,2)=[    0.7550    0.0168    0.0323;    0.1280    0.8243    0.3201;    0.0691    0.4713    0.8807];
CPD_M(:,:,3)=[   0.3923    0.0919    0.1145;    0.0086    0.3564    0.0591;    0.0505         0.53    0.7301];

BTD_M(:,:,1)=[    0.9961    0.0343    0.0426;    0.0343    0.9942    0.3777;    0.0426    0.3668    0.9965];
BTD_M(:,:,2)=[    0.9938    0.0343    0.0425;    0.0343    0.9941    0.3690;    0.0426    0.3508    0.9959];
BTD_M(:,:,3)=[    0.8717    0.137    0.1395;    0.2413    0.8100   0.4512;    0.2123    0.431    0.8258];

SICA_M(:,:,1)=[0.9601, 0.03, 0.039 ; 0.03, 0.98, 0.401; 0.02, 0.38, 0.97];
SICA_M(:,:,2)=[0.784    0.0448    0.030; 0.0491    0.8016         0.05;  0.0043    0.42    0.8612];
SICA_M(:,:,3)=[    0.3911         0.09    0.11; 0.090    0.43    0.06;   0.0384         0.48    0.7198];

CPA_ICA_M(:,:,1)=[0.9601, 0.03, 0.031 ; 0.03, 0.9, 0.401; 0.02, 0.18, 0.81];
CPA_ICA_M(:,:,2)=[0.901    0.0418    0.030; 0.032    0.7816  0.05;  0.031    0.25    0.612];
CPA_ICA_M(:,:,3)=[    0.4411         0.09    0.11; 0.006    0.002    0.06;   0.0384         0.06    0.7098];

Auto_time=[1, 0.14, 0.06; 0.14 , 1, 0.46; 0.06, 0.46, 1];

TPICA_T(:,:,1)=[  0.9951    0.1555    0.0858;    0.1181    0.9316    0.7499;    0.0538    0.4155    0.9269];
TPICA_T(:,:,2)=[  0.9375    0.1367    0.0489;    0.1149    0.8712       0.7010;    0.0059    0.2797    0.6347];
TPICA_T(:,:,3)=[    0.4147         0.0796    0.1446;    0.2304    0.0823    0.035;    0.1168         0.70    0.7479];

CPD_T(:,:,1)=[    0.9950    0.1992    0.1249;    0.0939    0.9977    0.4333;    0.0754    0.3840    0.9951];
CPD_T(:,:,2)=[   0.9431    0.1014    0.2155;    0.1994    0.9619    0.2970;    0.0840    0.4673    0.9680];
CPD_T(:,:,3)=[    0.7510    0.1905    0.1264;    0.2050    0.7459    0.0766;    0.1792         0.4228   0.8429];

BTD_T(:,:,1)=[    0.9979    0.1375    0.0667;    0.1311    0.9986    0.4923;    0.0589    0.4625    0.9992];
BTD_T(:,:,2)=[   0.9718    0.1500    0.0553;    0.1374    0.9900    0.4952;    0.0516    0.4756    0.9816];
BTD_T(:,:,3)=[   0.8839   0.3463  0.2953;    0.2027    0.9476    0.4076;    0.0494    0.4234    0.8951];

SICA_T(:,:,1)=[    0.9850    0.1492    0.09;    0.1    0.9814    0.4613;    0.0754    0.4140    0.9881];
SICA_T(:,:,2)=[   0.905    0.1014    0.112;    0.1234    0.9419    0.4520;    0.1240    0.4673    0.86];
SICA_T(:,:,3)=[    0.7042    0.235    0.104;    0.2050    0.668    0.346;    0.0792         0.4228   0.7929];

CPA_ICA_T(:,:,1)=[    0.9840    0.1492    0.09;    0.12    0.9214    0.7312;    0.064    0.4240    0.9281];
CPA_ICA_T(:,:,2)=[   0.955    0.14    0.05;    0.145    0.874    0.710;    0.0640    0.321    0.75];
CPA_ICA_T(:,:,3)=[    0.4812   0.08    0.143;    0.2050    0.162    0.0346;    0.0792         0.6128   0.7239];

%Multislice study%
%Dataset A
Auto_space_A=[1, 0.04, 0.16; 0.04 , 1 , 0.04 ; 0.16 , 0.04 ,1];
Auto_time_A=[1, 0.02, 0.16; 0.02 , 1 , 0.05 ; 0.16 , 0.05 ,1];

%space
TPICA_M_A(:,:,1)=[0.75, 0.1, 0.15 ; 0.1, 0.91, 0.1; 0.14, 0.1, 0.92];
TPICA_M_A(:,:,2)=[0.60, 0.11, 0.16; 0.12, 0.89, 0.1; 0.15, 0.11, 0.86];
TPICA_M_A(:,:,3)=[0.49, 0.12, 0.16; 0.14, 0.76, 0.13; 0.18, 0.14, 0.72];

CPD_M_A(:,:,1)=[0.74, 0.2, 0.12;0.12, 0.91, 0.12; 0.16 , 0.12, 0.97];
CPD_M_A(:,:,2)=[0.64, 0.24, 0.26;0.22, 0.88, 0.15; 0.26 , 0.15, 0.89];
CPD_M_A(:,:,3)=[0.52, 0.39, 0.25;0.28, 0.82, 0.19; 0.27 , 0.2, 0.78];

BTD_M_A(:,:,1)=[0.80, 0.12, 0.14; 0.11, 0.96, 0.12; 0.12 , 0.1, 0.99];
BTD_M_A(:,:,2)=[0.80, 0.14, 0.15; 0.18, 0.92, 0.12; 0.2 , 0.12, 0.94];
BTD_M_A(:,:,3)=[0.65, 0.25, 0.18; 0.24, 0.87, 0.19; 0.21 , 0.19, 0.84];

% time
TPICA_T_A(:,:,1)=[0.78, 0.06, 0.16 ; 0.09, 0.92, 0.12; 0.18, 0.10, 0.95];
TPICA_T_A(:,:,2)=[0.72, 0.15, 0.16; 0.11, 0.88, 0.18; 0.20, 0.12, 0.85];
TPICA_T_A(:,:,3)=[0.62, 0.22, 0.32; 0.22, 0.75, 0.32; 0.22, 0.22, 0.78];

CPD_T_A(:,:,1)=[0.78, 0.07, 0.14;0.12, 0.91, 0.12; 0.16 , 0.12, 0.97];
CPD_T_A(:,:,2)=[0.64, 0.24, 0.26;0.22, 0.88, 0.15; 0.26 , 0.15, 0.89];
CPD_T_A(:,:,3)=[0.52, 0.39, 0.25;0.28, 0.82, 0.19; 0.27 , 0.2, 0.78];

BTD_T_A(:,:,1)=[0.81, 0.08, 0.14; 0.11, 0.92, 0.14; 0.12 , 0.08, 0.95];
BTD_T_A(:,:,2)=[0.75, 0.10, 0.12; 0.12, 0.90, 0.18; 0.2 , 0.1, 0.91];
BTD_T_A(:,:,3)=[0.70, 0.21, 0.22; 0.18, 0.85, 0.23; 0.22 , 0.18, 0.81];

%Dataset G
Auto_space_mG=[1, 0.49, 0.05; 0.49 , 1, 0.005; 0.05, 0.05, 1];

TPICA_M_G(:,:,1)=[0.87, 0.21, 0.09 ; 0.75, 0.85, 0.05; 0.12, 0.11, 0.95];
TPICA_M_G(:,:,2)=[0.84, 0.17, 0.05; 0.75, 0.83, 0.1; 0.14, 0.19, 0.83];
TPICA_M_G(:,:,3)=[0.69, 0.11, 0.11; 0.73, 0.79, 0.14; 0.21, 0.14, 0.82];

CPD_M_G(:,:,1)=[0.94, 0.44, 0.06;0.49, 0.94, 0.05; 0.24 , 0.18, 0.85];
CPD_M_G(:,:,2)=[0.93, 0.44, 0.04;0.49, 0.93, 0.07; 0.35 , 0.22, 0.76];
CPD_M_G(:,:,3)=[0.75, 0.64, 0.32;0.56, 0.85, 0.16; 0.49 , 0.30, 0.68];

BTD_M_G(:,:,1)=[0.96, 0.46, 0.07; 0.48, 0.94, 0.08; 0.20 , 0.17, 0.89];
BTD_M_G(:,:,2)=[0.92, 0.48, 0.09; 0.48, 0.92, 0.11; 0.28 , 0.18, 0.88];
BTD_M_G(:,:,3)=[0.84, 0.59, 0.23; 0.52, 0.88, 0.19; 0.36 , 0.22, 0.79];


% time
TPICA_T_G(:,:,1)=[0.96, 0.37, 0.15 ; 0.41, 0.79, 0.14; 0.13, 0.06, 0.99];
TPICA_T_G(:,:,2)=[0.94, 0.41, 0.2; 0.41, 0.77, 0.15; 0.14, 0.05, 0.98];
TPICA_T_G(:,:,3)=[0.72, 0.41, 0.2; 0.41, 0.74, 0.16; 0.25, 0.06, 0.93];

CPD_T_G(:,:,1)=[0.98, 0.08, 0.2;0.01, 0.99, 0.09; 0.13 , 0.09, 0.99];
CPD_T_G(:,:,2)=[0.94, 0.06, 0.26;0.02, 0.99, 0.15; 0.32 , 0.14, 0.97];
CPD_T_G(:,:,3)=[0.78, 0.41, 0.35;0.21, 0.90, 0.31; 0.42 , 0.1, 0.79];

BTD_T_G(:,:,1)=[0.99, 0.11, 0.11; 0.02, 0.99, 0.07; 0.1 , 0.06, 0.98];
BTD_T_G(:,:,2)=[0.98, 0.12, 0.14; 0.04, 0.99, 0.09; 0.28 , 0.05, 0.98];
BTD_T_G(:,:,3)=[0.95, 0.26, 0.12; 0.19, 0.96, 0.15; 0.21 , 0.19, 0.93];

%%PARAFAC2%%
%Space%

TPICA_M_PF2(:,:,1)=[0.75, 0.1 ,0.15; 0.70 ,0.12 , 0.11 ;0.87, 0.21, 0.09; 0.79, 0.26, 0.18];
TPICA_M_PF2(:,:,2)=[0.1, 0.91, 0.1;   0.1 ,0.92,  0.1;  0.75, 0.85, 0.05; 0.68, 0.89 ,0.08]; 
TPICA_M_PF2(:,:,3)=[0.14, 0.1, 0.92; 0.11 , 0.1, 0.93; 0.12,  0.11, 0.95; 0.14, 0.11, 0.98];

CPD_M_PF2(:,:,1)=[0.72, 0.2, 0.13; 0.56, 0.24, 0.29; 0.94, 0.44, 0.1; 0.70, 0.59, 0.38]; 
CPD_M_PF2(:,:,2)=[0.14, 0.95, 0.13;0.29, 0.64, 0.50; 0.47, 0.93, 0.12;0.80, 0.80, 0.28]; 
CPD_M_PF2(:,:,3)=[0.22, 0.12, 0.98;0.36, 0.35, 0.77; 0.11, 0.11, 0.97;0.39, 0.43, 0.77];

PF2_M_PF2(:,:,1)=[0.74, 0.24, 0.18; 0.75, 0.24, 0.19; 0.97, 0.44, 0.12;  0.91, 0.49, 0.18]; 
PF2_M_PF2(:,:,2)=[0.13, 0.96, 0.17; 0.18, 0.92, 0.14; 0.54, 0.9,  0.18;  0.48, 0.88, 0.16]; 
PF2_M_PF2(:,:,3)=[0.23, 0.22, 0.99; 0.19, 0.23, 0.94; 0.12, 0.14, 0.95;  0.12, 0.13, 0.93];

%Time%

TPICA_T_PF2(:,:,1)=[0.74, 0.07, 0.14; 0.71, 0.12, 0.15; 0.96, 0.37, 0.13; 0.84, 0.33, 0.18];
TPICA_T_PF2(:,:,2)=[0.03, 0.92, 0.07; 0.1,  0.89,  0.1;  0.41, 0.79, 0.14; 0.38, 0.84, 0.18]; 
TPICA_T_PF2(:,:,3)=[0.1,  0.1,  0.96; 0.11, 0.1,  0.92;  0.13, 0.06, 0.98; 0.14, 0.09, 0.95];

CPD_T_PF2(:,:,1)=[0.75, 0.07, 0.18; 0.66, 0.34, 0.38; 0.94, 0.11, 0.19; 0.74, 0.42, 0.35]; 
CPD_T_PF2(:,:,2)=[0.12, 0.91, 0.15; 0.38, 0.62, 0.28; 0.12, 0.92, 0.12; 0.34, 0.79, 0.35]; 
CPD_T_PF2(:,:,3)=[0.18, 0.1,  0.94; 0.34, 0.32, 0.65; 0.11, 0.11, 0.93; 0.41, 0.39, 0.68];

PF2_T_PF2(:,:,1)=[0.73, 0.12, 0.19; 0.72, 0.14, 0.18; 0.94, 0.28, 0.15; 0.94, 0.29, 0.13]; 
PF2_T_PF2(:,:,2)=[0.21, 0.92, 0.2;  0.23, 0.91, 0.21; 0.32, 0.9,  0.26; 0.34, 0.92, 0.24]; 
PF2_T_PF2(:,:,3)=[0.12, 0.1, 0.99;  0.2,  0.12, 0.94; 0.23, 0.19, 0.89; 0.24, 0.19, 0.88];

%%BTD2%%

%Dataset C%
